205.110402,-46.000000
207.272252,20.000000
209.433092,57.000000
211.592922,-78.000000
213.751745,1.000000
215.909560,29.000000
218.066368,-7.000000
220.222169,33.000000
222.376966,4.000000
224.530757,45.000000
226.683545,-16.000000
228.835329,4.000000
230.986111,5.000000
233.135891,88.000000
235.284670,14.000000
237.432448,10.000000
239.579227,44.000000
241.725006,47.000000
243.869787,83.000000
246.013571,44.000000
248.156358,50.000000
250.298148,20.000000
252.438944,-8.000000
254.578744,110.000000
256.717550,21.000000
258.855363,27.000000
260.992183,-47.000000
263.128011,-77.000000
265.262849,66.000000
267.396695,37.000000
269.529552,68.000000
271.661419,18.000000
273.792298,24.000000
275.922190,11.000000
278.051094,50.000000
280.179012,-9.000000
282.305944,43.000000
284.431892,-2.000000
286.556855,116.000000
288.680834,19.000000
290.803831,-23.000000
292.925845,86.000000
295.046879,-11.000000
297.166931,45.000000
299.286003,140.000000
301.404096,54.000000
303.521210,67.000000
305.637346,38.000000
307.752505,86.000000
309.866687,41.000000
311.979893,8.000000
314.092124,26.000000
316.203381,11.000000
318.313664,72.000000
320.422973,-5.000000
322.531310,-15.000000
324.638675,92.000000
326.745069,69.000000
328.850492,-51.000000
330.954946,35.000000
333.058431,86.000000
335.160947,38.000000
337.262496,58.000000
339.363077,29.000000
341.462692,-18.000000
343.561342,12.000000
345.659026,-4.000000
347.755747,4.000000
349.851503,64.000000
351.946297,31.000000
354.040128,6.000000
356.132998,50.000000
358.224907,16.000000
360.315855,36.000000
362.405844,30.000000
364.494874,-3.000000
366.582946,100.000000
368.670061,51.000000
370.756218,-5.000000
372.841419,6.000000
374.925665,4.000000
377.008956,73.000000
379.091292,-21.000000
381.172675,-24.000000
383.253105,16.000000
385.332583,-6.000000
387.411110,84.000000
389.488685,16.000000
391.565310,63.000000
393.640986,67.000000
395.715713,-26.000000
397.789492,8.000000
399.862323,3.000000
401.934207,6.000000
404.005145,22.000000
406.075138,-22.000000
408.144186,49.000000
410.212289,15.000000
412.279449,9.000000
414.345666,11.000000
416.410940,50.000000
418.475273,-24.000000
420.538665,-21.000000
422.601117,-29.000000
424.662629,32.000000
426.723202,12.000000
428.782837,-29.000000
430.841535,-21.000000
432.899295,6.000000
434.956119,7.000000
437.012007,-12.000000
439.066960,-22.000000
441.120978,45.000000
443.174063,5.000000
445.226215,19.000000
447.277435,97.000000
449.327722,17.000000
451.377079,-29.000000
453.425505,22.000000
455.473001,-56.000000
457.519567,4.000000
459.565206,27.000000
461.609916,-48.000000
463.653699,-16.000000
465.696556,113.000000
467.738486,5.000000
469.779491,11.000000
471.819572,73.000000
473.858728,13.000000
475.896961,-30.000000
477.934271,-62.000000
479.970659,-16.000000
482.006126,9.000000
484.040672,-4.000000
486.074297,-60.000000
488.107003,98.000000
490.138790,35.000000
492.169659,-25.000000
494.199610,6.000000
496.228644,-44.000000
498.256761,-5.000000
500.283963,-7.000000
502.310250,44.000000
504.335622,35.000000
506.360080,87.000000
508.383626,50.000000
510.406258,-6.000000
512.427979,-7.000000
514.448788,53.000000
516.468687,-40.000000
518.487675,-50.000000
520.505754,-27.000000
522.522924,56.000000
524.539186,12.000000
526.554541,55.000000
528.568988,0.000000
530.582530,65.000000
532.595165,5.000000
534.606896,71.000000
536.617722,-23.000000
538.627644,-51.000000
540.636663,84.000000
542.644780,103.000000
544.651994,17.000000
546.658307,-32.000000
548.663720,49.000000
550.668232,49.000000
552.671846,-4.000000
554.674560,41.000000
556.676376,58.000000
558.677294,17.000000
560.677316,9.000000
562.676441,-32.000000
564.674670,47.000000
566.672004,20.000000
568.668444,19.000000
570.663990,45.000000
572.658642,-43.000000
574.652402,-65.000000
576.645270,64.000000
578.637246,-11.000000
580.628332,52.000000
582.618527,58.000000
584.607833,35.000000
586.596249,19.000000
588.583778,2.000000
590.570418,-45.000000
592.556172,-40.000000
594.541039,18.000000
596.525019,75.000000
598.508115,34.000000
600.490326,-121.000000
602.471653,13.000000
604.452096,8.000000
606.431656,7.000000
608.410334,54.000000
610.388130,15.000000
612.365045,12.000000
614.341080,-32.000000
616.316235,7.000000
618.290510,61.000000
620.263907,-22.000000
622.236426,52.000000
624.208067,19.000000
626.178831,-12.000000
628.148719,30.000000
630.117731,-29.000000
632.085869,26.000000
634.053131,-9.000000
636.019520,-71.000000
637.985036,-16.000000
639.949679,24.000000
641.913449,-74.000000
643.876349,45.000000
645.838377,31.000000
647.799535,8.000000
649.759823,27.000000
651.719242,-26.000000
653.677793,26.000000
655.635476,-1.000000
657.592291,151.000000
659.548239,-53.000000
661.503322,36.000000
663.457539,22.000000
665.410890,-1.000000
667.363378,19.000000
669.315001,33.000000
671.265762,31.000000
673.215659,-25.000000
675.164695,32.000000
677.112869,-30.000000
679.060182,-1.000000
681.006635,-39.000000
682.952228,-11.000000
684.896963,60.000000
686.840838,-31.000000
688.783856,22.000000
690.726016,30.000000
692.667320,20.000000
694.607767,-10.000000
696.547358,37.000000
698.486095,21.000000
700.423977,109.000000
702.361005,38.000000
704.297180,20.000000
706.232502,38.000000
708.166972,58.000000
710.100591,-17.000000
712.033358,23.000000
713.965275,62.000000
715.896343,58.000000
717.826561,43.000000
719.755930,28.000000
721.684451,82.000000
723.612124,50.000000
725.538951,51.000000
727.464931,-9.000000
729.390066,-69.000000
731.314355,43.000000
733.237799,-73.000000
735.160400,97.000000
737.082156,-25.000000
739.003070,37.000000
740.923142,49.000000
742.842371,37.000000
744.760760,52.000000
746.678307,17.000000
748.595015,-33.000000
750.510883,98.000000
752.425912,-1.000000
754.340103,64.000000
756.253455,43.000000
758.165971,-23.000000
760.077650,33.000000
761.988492,10.000000
763.898499,-7.000000
765.807671,123.000000
767.716009,12.000000
769.623512,12.000000
771.530183,-12.000000
773.436020,-32.000000
775.341025,55.000000
777.245199,14.000000
779.148541,28.000000
781.051053,21.000000
782.952735,-20.000000
784.853588,38.000000
786.753611,48.000000
788.652807,-15.000000
790.551174,-58.000000
792.448715,3.000000
794.345428,-14.000000
796.241316,-18.000000
798.136378,105.000000
800.030616,28.000000
801.924028,4.000000
803.816617,-2.000000
805.708383,73.000000
807.599326,-6.000000
809.489446,22.000000
811.378745,19.000000
813.267223,2.000000
815.154880,-5.000000
817.041718,-45.000000
818.927736,48.000000
820.812935,-16.000000
822.697315,75.000000
824.580878,61.000000
826.463624,16.000000
828.345553,-29.000000
830.226665,-19.000000
832.106962,57.000000
833.986444,-26.000000
835.865112,38.000000
837.742965,20.000000
839.620006,-14.000000
841.496233,25.000000
843.371648,37.000000
845.246251,-87.000000
847.120042,5.000000
848.993024,9.000000
850.865194,5.000000
852.736556,66.000000
854.607108,-34.000000
856.476852,30.000000
858.345787,-49.000000
860.213915,48.000000
862.081237,-2.000000
863.947752,0.000000
865.813461,11.000000
867.678364,-79.000000
869.542463,-39.000000
871.405758,14.000000
873.268249,24.000000
875.129937,105.000000
876.990822,24.000000
878.850905,-52.000000
880.710186,-6.000000
882.568667,18.000000
884.426347,7.000000
886.283227,-37.000000
888.139307,86.000000
889.994589,-39.000000
891.849072,-41.000000
893.702758,-73.000000
895.555646,-31.000000
897.407737,-31.000000
899.259032,81.000000
901.109532,30.000000
902.959236,71.000000
904.808146,-53.000000
906.656261,7.000000
908.503583,-58.000000
910.350112,14.000000
912.195848,-99.000000
914.040792,47.000000
915.884945,3.000000
917.728307,-40.000000
919.570878,25.000000
921.412660,-2.000000
923.253652,-69.000000
925.093855,-12.000000
926.933270,-42.000000
928.771897,65.000000
930.609736,28.000000
932.446789,7.000000
934.283056,-14.000000
936.118537,37.000000
937.953233,26.000000
939.787144,-3.000000
941.620271,-8.000000
943.452614,53.000000
945.284174,-40.000000
947.114951,52.000000
948.944946,-8.000000
950.774160,-6.000000
952.602593,17.000000
954.430245,-71.000000
956.257117,117.000000
958.083210,19.000000
959.908523,59.000000
961.733058,3.000000
963.556815,-20.000000
965.379795,66.000000
967.201998,-34.000000
969.023424,26.000000
970.844074,31.000000
972.663949,-39.000000
974.483049,44.000000
976.301375,-21.000000
978.118927,73.000000
979.935705,13.000000
981.751711,32.000000
983.566944,-22.000000
985.381406,-36.000000
987.195096,-17.000000
989.008015,60.000000
990.820164,8.000000
992.631543,54.000000
994.442153,-9.000000
996.251994,19.000000
998.061067,65.000000
999.869372,-12.000000
1001.676910,12.000000
1003.483681,4.000000
1005.289685,64.000000
1007.094924,17.000000
1008.899398,69.000000
1010.703107,11.000000
1012.506052,19.000000
1014.308233,30.000000
1016.109650,-9.000000
1017.910305,-18.000000
1019.710198,23.000000
1021.509329,28.000000
1023.307699,-18.000000
1025.105308,5.000000
1026.902157,16.000000
1028.698246,11.000000
1030.493576,-1.000000
1032.288147,112.000000
1034.081960,23.000000
1035.875015,-15.000000
1037.667313,-114.000000
1039.458854,-16.000000
1041.249639,-48.000000
1043.039668,-7.000000
1044.828941,70.000000
1046.617461,-5.000000
1048.405225,-12.000000
1050.192236,-35.000000
1051.978494,-24.000000
1053.763999,-8.000000
1055.548751,-8.000000
1057.332752,-5.000000
1059.116002,48.000000
1060.898500,41.000000
1062.680249,25.000000
1064.461247,10.000000
1066.241496,-23.000000
1068.020996,16.000000
1069.799748,33.000000
1071.577752,-8.000000
1073.355009,68.000000
1075.131519,33.000000
1076.907282,19.000000
1078.682299,-11.000000
1080.456571,55.000000
1082.230098,4.000000
1084.002880,7.000000
1085.774919,33.000000
1087.546214,-54.000000
1089.316766,0.000000
1091.086575,34.000000
1092.855642,59.000000
1094.623968,18.000000
1096.391553,-42.000000
1098.158397,56.000000
1099.924501,15.000000
1101.689865,-10.000000
1103.454490,-16.000000
1105.218377,-17.000000
1106.981525,118.000000
1108.743936,-23.000000
1110.505609,100.000000
1112.266546,25.000000
1114.026746,-9.000000
1115.786211,21.000000
1117.544940,65.000000
1119.302935,40.000000
1121.060195,30.000000
1122.816721,28.000000
1124.572514,-57.000000
1126.327574,-46.000000
1128.081901,72.000000
1129.835496,0.000000
1131.588360,36.000000
1133.340493,88.000000
1135.091896,22.000000
1136.842568,6.000000
1138.592511,54.000000
1140.341724,25.000000
1142.090209,28.000000
1143.837966,13.000000
1145.584995,13.000000
1147.331297,5.000000
1149.076872,-20.000000
1150.821721,24.000000
1152.565844,13.000000
1154.309241,-46.000000
1156.051914,-47.000000
1157.793862,-60.000000
1159.535086,-41.000000
1161.275587,10.000000
1163.015365,22.000000
1164.754420,5.000000
1166.492754,12.000000
1168.230365,-11.000000
1169.967256,29.000000
1171.703426,-10.000000
1173.438875,-15.000000
1175.173605,19.000000
1176.907616,-54.000000
1178.640907,-15.000000
1180.373481,50.000000
1182.105336,-48.000000
1183.836475,49.000000
1185.566896,91.000000
1187.296601,-16.000000
1189.025589,82.000000
1190.753862,32.000000
1192.481420,-40.000000
1194.208264,-35.000000
1195.934393,-64.000000
1197.659808,97.000000
1199.384511,18.000000
1201.108500,7.000000
1202.831777,-33.000000
1204.554342,17.000000
1206.276196,-19.000000
1207.997339,-23.000000
1209.717771,46.000000
1211.437493,-76.000000
1213.156506,-35.000000
1214.874809,13.000000
1216.592404,84.000000
1218.309291,18.000000
1220.025470,58.000000
1221.740941,29.000000
1223.455706,62.000000
1225.169764,-47.000000
1226.883116,-9.000000
1228.595763,46.000000
1230.307705,1.000000
1232.018942,37.000000
1233.729475,4.000000
1235.439305,93.000000
1237.148431,-6.000000
1238.856854,73.000000
1240.564575,81.000000
1242.271595,-16.000000
1243.977912,67.000000
1245.683529,-45.000000
1247.388445,47.000000
1249.092662,60.000000
1250.796178,7.000000
1252.498996,122.000000
1254.201114,47.000000
1255.902535,31.000000
1257.603257,76.000000
1259.303282,75.000000
1261.002611,12.000000
1262.701242,-29.000000
1264.399178,13.000000
1266.096418,-4.000000
1267.792963,-49.000000
1269.488813,72.000000
1271.183969,-59.000000
1272.878431,-8.000000
1274.572200,-27.000000
1276.265276,0.000000
1277.957659,32.000000
1279.649351,-19.000000
1281.340350,10.000000
1283.030659,10.000000
1284.720277,96.000000
1286.409204,-40.000000
1288.097442,-66.000000
1289.784990,15.000000
1291.471849,127.000000
1293.158020,4.000000
1294.843503,70.000000
1296.528298,-33.000000
1298.212406,20.000000
1299.895827,14.000000
1301.578562,-27.000000
1303.260611,-21.000000
1304.941974,-21.000000
1306.622653,-60.000000
1308.302647,9.000000
1309.981957,28.000000
1311.660583,-31.000000
1313.338526,-28.000000
1315.015786,16.000000
1316.692363,-16.000000
1318.368259,102.000000
1320.043473,11.000000
1321.718006,-28.000000
1323.391858,-2.000000
1325.065030,-7.000000
1326.737523,-49.000000
1328.409336,16.000000
1330.080470,-44.000000
1331.750925,-61.000000
1333.420703,3.000000
1335.089803,-47.000000
1336.758225,68.000000
1338.425971,15.000000
1340.093041,66.000000
1341.759435,-20.000000
1343.425153,-46.000000
1345.090196,57.000000
1346.754564,-66.000000
1348.418259,70.000000
1350.081279,16.000000
1351.743626,-6.000000
1353.405301,52.000000
1355.066303,6.000000
1356.726632,-13.000000
1358.386290,-57.000000
1360.045277,13.000000
1361.703593,-6.000000
1363.361239,-13.000000
1365.018215,-83.000000
1366.674521,23.000000
1368.330159,12.000000
1369.985127,-26.000000
1371.639428,8.000000
1373.293060,38.000000
1374.946026,77.000000
1376.598324,-32.000000
1378.249955,29.000000
1379.900921,-8.000000
1381.551221,14.000000
1383.200855,-15.000000
1384.849825,-77.000000
1386.498130,-36.000000
1388.145772,-81.000000
1389.792749,4.000000
1391.439064,0.000000
1393.084716,60.000000
1394.729705,48.000000
1396.374033,58.000000
1398.017699,-62.000000
1399.660703,35.000000
1401.303048,16.000000
1402.944732,-65.000000
1404.585756,90.000000
1406.226121,7.000000
1407.865826,50.000000
1409.504873,32.000000
1411.143262,-101.000000
1412.780994,10.000000
1414.418068,-24.000000
1416.054484,86.000000
1417.690245,36.000000
1419.325349,-17.000000
1420.959798,14.000000
1422.593591,20.000000
1424.226730,33.000000
1425.859214,60.000000
1427.491044,0.000000
1429.122221,23.000000
1430.752744,-28.000000
1432.382614,30.000000
1434.011832,10.000000
1435.640398,89.000000
1437.268313,48.000000
1438.895576,-3.000000
1440.522189,-32.000000
1442.148151,-3.000000
1443.773464,-22.000000
1445.398126,-1.000000
1447.022140,-64.000000
1448.645505,60.000000
1450.268222,70.000000
1451.890291,34.000000
1453.511712,49.000000
1455.132486,-27.000000
1456.752614,66.000000
1458.372095,-34.000000
1459.990931,-22.000000
1461.609121,58.000000
1463.226666,29.000000
1464.843566,17.000000
1466.459822,35.000000
1468.075434,-44.000000
1469.690403,38.000000
1471.304729,-46.000000
1472.918412,29.000000
1474.531453,2.000000
1476.143852,-27.000000
1477.755610,-18.000000
1479.366727,31.000000
1480.977203,-24.000000
1482.587039,38.000000
1484.196235,7.000000
1485.804792,-23.000000
1487.412709,65.000000
1489.019988,-35.000000
1490.626629,-9.000000
1492.232632,-17.000000
1493.837998,16.000000
1495.442726,-36.000000
1497.046818,58.000000
1498.650274,-70.000000
1500.253094,54.000000
1501.855278,-27.000000
1503.456828,35.000000
1505.057743,0.000000
1506.658023,0.000000
1508.257670,19.000000
1509.856683,20.000000
1511.455064,26.000000
1513.052811,28.000000
1514.649927,32.000000
1516.246410,8.000000
1517.842262,95.000000
1519.437483,56.000000
1521.032074,38.000000
1522.626034,70.000000
1524.219364,-22.000000
1525.812064,4.000000
1527.404136,111.000000
1528.995579,4.000000
1530.586393,36.000000
1532.176580,-19.000000
1533.766139,76.000000
1535.355070,-8.000000
1536.943375,0.000000
1538.531054,-18.000000
1540.118107,-29.000000
1541.704534,4.000000
1543.290336,-25.000000
1544.875513,50.000000
1546.460066,39.000000
1548.043994,-24.000000
1549.627299,-29.000000
1551.209981,9.000000
1552.792040,-37.000000
1554.373476,16.000000
1555.954290,58.000000
1557.534483,-14.000000
1559.114054,98.000000
1560.693004,25.000000
1562.271334,-21.000000
1563.849044,47.000000
1565.426134,104.000000
1567.002604,33.000000
1568.578455,34.000000
1570.153688,-50.000000
1571.728302,26.000000
1573.302299,24.000000
1574.875678,40.000000
1576.448440,101.000000
1578.020585,10.000000
1579.592114,-2.000000
1581.163027,63.000000
1582.733325,13.000000
1584.303007,28.000000
1585.872075,79.000000
1587.440528,37.000000
1589.008367,-8.000000
1590.575592,-19.000000
1592.142204,39.000000
1593.708203,33.000000
1595.273590,52.000000
1596.838364,-7.000000
1598.402527,55.000000
1599.966078,65.000000
1601.529018,-5.000000
1603.091348,17.000000
1604.653067,-3.000000
1606.214177,60.000000
1607.774676,26.000000
1609.334567,-23.000000
1610.893849,42.000000
1612.452523,4.000000
1614.010589,81.000000
1615.568047,56.000000
1617.124898,84.000000
1618.681142,-145.000000
1620.236779,-4.000000
1621.791810,102.000000
1623.346236,31.000000
1624.900056,7.000000
1626.453271,8.000000
1628.005882,1.000000
1629.557888,-62.000000
1631.109291,106.000000
1632.660090,-69.000000
1634.210285,54.000000
1635.759878,56.000000
1637.308869,18.000000
1638.857257,19.000000
1640.405044,-13.000000
1641.952230,72.000000
1643.498815,25.000000
1645.044799,106.000000
1646.590183,-52.000000
1648.134967,13.000000
1649.679151,-32.000000
1651.222737,-17.000000
1652.765724,44.000000
1654.308113,46.000000
1655.849903,-22.000000
1657.391096,-14.000000
1658.931692,-18.000000
1660.471691,-27.000000
1662.011094,-20.000000
1663.549900,108.000000
1665.088110,-6.000000
1666.625726,90.000000
1668.162746,20.000000
1669.699171,24.000000
1671.235002,15.000000
1672.770239,44.000000
1674.304883,61.000000
1675.838933,-26.000000
1677.372391,-48.000000
1678.905256,-16.000000
1680.437529,103.000000
1681.969210,40.000000
1683.500300,-33.000000
1685.030799,45.000000
1686.560707,53.000000
1688.090025,126.000000
1689.618753,12.000000
1691.146891,-23.000000
1692.674440,59.000000
1694.201400,-2.000000
1695.727772,-57.000000
1697.253556,100.000000
1698.778751,0.000000
1700.303360,28.000000
1701.827381,72.000000
1703.350816,69.000000
1704.873664,-48.000000
1706.395926,-44.000000
1707.917603,5.000000
1709.438694,129.000000
1710.959201,-41.000000
1712.479123,42.000000
1713.998460,72.000000
1715.517214,-72.000000
1717.035385,-21.000000
1718.552972,37.000000
1720.069976,28.000000
1721.586398,48.000000
1723.102239,37.000000
1724.617497,84.000000
1726.132174,-10.000000
1727.646270,86.000000
1729.159785,-91.000000
1730.672720,-17.000000
1732.185075,34.000000
1733.696851,62.000000
1735.208047,-3.000000
1736.718665,29.000000
1738.228704,46.000000
1739.738164,40.000000
1741.247047,27.000000
1742.755353,-119.000000
1744.263081,113.000000
1745.770233,57.000000
1747.276808,35.000000
1748.782807,5.000000
1750.288231,52.000000
1751.793079,28.000000
1753.297352,-21.000000
1754.801051,32.000000
1756.304175,54.000000
1757.806725,47.000000
1759.308702,24.000000
1760.810105,59.000000
1762.310935,-6.000000
1763.811193,36.000000
1765.310879,22.000000
1766.809993,4.000000
1768.308535,10.000000
1769.806506,36.000000
1771.303906,56.000000
1772.800736,57.000000
1774.296996,-69.000000
1775.792686,33.000000
1777.287806,-17.000000
1778.782358,25.000000
1780.276340,52.000000
1781.769754,30.000000
1783.262601,62.000000
1784.754879,-13.000000
1786.246590,-75.000000
1787.737734,26.000000
1789.228312,-36.000000
1790.718323,45.000000
1792.207768,2.000000
1793.696647,4.000000
1795.184961,-30.000000
1796.672710,94.000000
1798.159895,-35.000000
1799.646515,58.000000
1801.132571,-27.000000
1802.618064,-32.000000
1804.102994,-26.000000
1805.587360,-81.000000
1807.071164,-34.000000
1808.554406,-59.000000
1810.037086,-6.000000
1811.519204,69.000000
1813.000761,27.000000
1814.481757,53.000000
1815.962193,44.000000
1817.442068,20.000000
1818.921384,-31.000000
1820.400140,-35.000000
1821.878337,22.000000
1823.355975,10.000000
1824.833054,8.000000
1826.309575,69.000000
1827.785539,65.000000
1829.260945,42.000000
1830.735794,-4.000000
1832.210086,4.000000
1833.683821,1.000000
1835.157001,33.000000
1836.629624,-5.000000
1838.101692,98.000000
1839.573205,19.000000
1841.044164,-99.000000
1842.514567,-67.000000
1843.984417,-6.000000
1845.453712,9.000000
1846.922455,1.000000
1848.390644,31.000000
1849.858280,6.000000
1851.325364,57.000000
1852.791896,-14.000000
1854.257875,30.000000
1855.723304,73.000000
1857.188181,4.000000
1858.652507,11.000000
1860.116283,26.000000
1861.579509,-24.000000
1863.042185,-75.000000
1864.504312,-59.000000
1865.965889,66.000000
1867.426917,-169.000000
1868.887397,-55.000000
1870.347329,-10.000000
1871.806713,-60.000000
1873.265550,-95.000000
1874.723839,14.000000
1876.181581,-32.000000
1877.638777,-32.000000
1879.095427,40.000000
1880.551531,53.000000
1882.007089,-18.000000
1883.462102,20.000000
1884.916570,-63.000000
1886.370494,-14.000000
1887.823874,-1.000000
1889.276709,17.000000
1890.729001,22.000000
1892.180750,-30.000000
1893.631955,43.000000
1895.082619,9.000000
1896.532739,-36.000000
1897.982318,-31.000000
1899.431356,58.000000
1900.879852,-17.000000
1902.327807,-32.000000
1903.775221,1.000000
1905.222095,0.000000
1906.668429,52.000000
1908.114223,-21.000000
1909.559478,-103.000000
1911.004194,19.000000
1912.448371,12.000000
1913.892010,103.000000
1915.335111,31.000000
1916.777674,-25.000000
1918.219700,-63.000000
1919.661188,97.000000
1921.102140,2.000000
1922.542555,113.000000
1923.982434,55.000000
1925.421777,74.000000
1926.860585,-59.000000
1928.298858,-69.000000
1929.736595,29.000000
1931.173799,96.000000
1932.610468,-70.000000
1934.046603,-64.000000
1935.482204,37.000000
1936.917272,-9.000000
1938.351807,-5.000000
1939.785810,-99.000000
1941.219280,-28.000000
1942.652219,20.000000
1944.084625,118.000000
1945.516501,82.000000
1946.947845,16.000000
1948.378658,49.000000
1949.808941,8.000000
1951.238694,42.000000
1952.667917,28.000000
1954.096611,-21.000000
1955.524776,-32.000000
1956.952412,90.000000
1958.379519,29.000000
1959.806098,-4.000000
1961.232149,-2.000000
1962.657672,2.000000
1964.082669,-8.000000
1965.507138,11.000000
1966.931081,17.000000
1968.354497,133.000000
1969.777388,-7.000000
1971.199752,40.000000
1972.621592,55.000000
1974.042906,-63.000000
1975.463695,28.000000
1976.883960,-25.000000
1978.303701,16.000000
1979.722918,42.000000
1981.141612,20.000000
1982.559782,51.000000
1983.977430,1.000000
1985.394555,-29.000000
1986.811157,28.000000
1988.227238,-43.000000
1989.642797,-52.000000
1991.057835,-22.000000
1992.472351,-3.000000
1993.886347,45.000000
1995.299823,88.000000
1996.712778,57.000000
1998.125214,-10.000000
1999.537130,-43.000000
2000.948527,-5.000000
2002.359405,-54.000000
2003.769765,-21.000000
2005.179606,80.000000
2006.588929,-33.000000
2007.997735,23.000000
2009.406023,24.000000
2010.813795,-64.000000
2012.221049,-75.000000
2013.627787,16.000000
2015.034010,16.000000
2016.439716,-12.000000
2017.844907,44.000000
2019.249582,0.000000
2020.653743,-53.000000
2022.057389,-45.000000
2023.460521,51.000000
2024.863139,7.000000
2026.265243,10.000000
2027.666834,4.000000
2029.067911,-5.000000
2030.468476,-17.000000
2031.868529,12.000000
2033.268069,-47.000000
2034.667098,-82.000000
2036.065615,112.000000
2037.463620,7.000000
2038.861115,-34.000000
2040.258099,0.000000
2041.654573,-12.000000
2043.050537,-35.000000
2044.445991,-25.000000
2045.840935,38.000000
2047.235371,119.000000
2048.629297,-85.000000
2050.022715,-49.000000
2051.415625,-71.000000
2052.808027,28.000000
2054.199921,-43.000000
2055.591308,87.000000
2056.982188,85.000000
2058.372561,80.000000
2059.762427,42.000000
2061.151788,62.000000
2062.540642,19.000000
2063.928991,55.000000
2065.316835,32.000000
2066.704174,27.000000
2068.091008,2.000000
2069.477338,23.000000
2070.863164,11.000000
2072.248486,53.000000
2073.633304,4.000000
2075.017620,-41.000000
2076.401432,7.000000
2077.784742,-72.000000
2079.167550,67.000000
2080.549855,-25.000000
2081.931659,-11.000000
2083.312962,-118.000000
2084.693763,8.000000
2086.074064,-50.000000
2087.453864,13.000000
2088.833164,-35.000000
2090.211964,-43.000000
2091.590264,53.000000
2092.968065,30.000000
2094.345367,68.000000
2095.722170,2.000000
2097.098474,96.000000
2098.474281,-39.000000
2099.849590,24.000000
2101.224401,29.000000
2102.598714,-137.000000
2103.972531,-8.000000
2105.345851,10.000000
2106.718675,-45.000000
2108.091002,-46.000000
2109.462834,25.000000
2110.834170,-35.000000
2112.205010,88.000000
2113.575356,-29.000000
2114.945207,-57.000000
2116.314564,-26.000000
2117.683427,-43.000000
2119.051796,62.000000
2120.419671,44.000000
2121.787053,-75.000000
2123.153942,-11.000000
2124.520339,-107.000000
2125.886243,-69.000000
2127.251655,37.000000
2128.616575,87.000000
2129.981004,-59.000000
2131.344941,11.000000
2132.708388,-56.000000
2134.071344,8.000000
2135.433809,-33.000000
2136.795785,-33.000000
2138.157271,-20.000000
2139.518267,97.000000
2140.878774,19.000000
2142.238792,41.000000
2143.598322,-47.000000
2144.957363,50.000000
2146.315916,-84.000000
2147.673981,22.000000
2149.031559,15.000000
2150.388649,-64.000000
2151.745253,11.000000
2153.101370,-12.000000
2154.457001,88.000000
2155.812145,7.000000
2157.166804,-61.000000
2158.520977,10.000000
2159.874665,4.000000
2161.227868,-12.000000
2162.580587,4.000000
2163.932821,-55.000000
2165.284571,24.000000
2166.635837,-24.000000
2167.986619,-22.000000
2169.336919,23.000000
2170.686735,-11.000000
2172.036069,-38.000000
2173.384920,17.000000
2174.733289,44.000000
2176.081176,-27.000000
2177.428582,20.000000
2178.775506,57.000000
2180.121950,72.000000
2181.467912,28.000000
2182.813395,19.000000
2184.158397,-3.000000
2185.502919,52.000000
2186.846962,46.000000
2188.190525,-12.000000
2189.533609,-26.000000
2190.876214,31.000000
2192.218341,-45.000000
2193.559990,-53.000000
2194.901161,9.000000
2196.241854,87.000000
2197.582070,3.000000
2198.921808,-53.000000
2200.261070,47.000000
2201.599855,54.000000
2202.938164,-81.000000
2204.275997,-119.000000
2205.613354,36.000000
2206.950236,-8.000000
2208.286643,-32.000000
2209.622575,-62.000000
2210.958032,59.000000
2212.293014,82.000000
2213.627523,-6.000000
2214.961558,-9.000000
2216.295119,120.000000
2217.628207,-118.000000
2218.960823,27.000000
2220.292965,3.000000
2221.624635,50.000000
2222.955833,41.000000
2224.286559,59.000000
2225.616813,-62.000000
2226.946596,16.000000
2228.275908,-48.000000
2229.604749,-10.000000
2230.933120,-31.000000
2232.261021,-38.000000
2233.588451,-11.000000
2234.915412,62.000000
2236.241903,-35.000000
2237.567925,5.000000
2238.893479,-14.000000
2240.218563,101.000000
2241.543180,-18.000000
2242.867328,-58.000000
2244.191009,0.000000
2245.514222,-77.000000
2246.836967,22.000000
2248.159246,66.000000
2249.481058,-18.000000
2250.802404,-97.000000
2252.123283,-7.000000
2253.443696,-33.000000
2254.763644,48.000000
2256.083127,9.000000
2257.402144,52.000000
2258.720696,45.000000
2260.038784,-11.000000
2261.356408,49.000000
2262.673568,-23.000000
2263.990263,-28.000000
2265.306496,-31.000000
2266.622265,10.000000
2267.937571,83.000000
2269.252414,-2.000000
2270.566795,120.000000
2271.880714,-26.000000
2273.194171,-41.000000
2274.507167,-25.000000
2275.819701,-69.000000
2277.131773,-16.000000
2278.443385,-15.000000
2279.754537,-29.000000
2281.065228,26.000000
2282.375459,33.000000
2283.685230,-63.000000
2284.994542,-9.000000
2286.303395,10.000000
2287.611789,-58.000000
2288.919723,-11.000000
2290.227200,-44.000000
2291.534218,46.000000
2292.840778,-27.000000
2294.146881,6.000000
2295.452526,-41.000000
2296.757714,-38.000000
2298.062446,-36.000000
2299.366720,26.000000
2300.670539,-3.000000
2301.973901,41.000000
2303.276807,-15.000000
2304.579258,-45.000000
2305.881254,-16.000000
2307.182794,23.000000
2308.483880,-58.000000
2309.784511,49.000000
2311.084688,-33.000000
2312.384411,25.000000
2313.683680,-61.000000
2314.982496,-60.000000
2316.280858,56.000000
2317.578768,-31.000000
2318.876225,46.000000
2320.173229,-75.000000
2321.469781,-13.000000
2322.765882,40.000000
2324.061530,-7.000000
2325.356727,21.000000
2326.651474,25.000000
2327.945769,-23.000000
2329.239613,7.000000
2330.533008,-28.000000
2331.825952,10.000000
2333.118446,8.000000
2334.410491,69.000000
2335.702086,-25.000000
2336.993233,-1.000000
2338.283930,54.000000
2339.574179,20.000000
2340.863979,-8.000000
2342.153332,-12.000000
2343.442237,22.000000
2344.730694,8.000000
2346.018704,-22.000000
2347.306267,-43.000000
2348.593383,-54.000000
2349.880053,-115.000000
2351.166276,26.000000
2352.452053,-69.000000
2353.737385,-5.000000
2355.022271,-14.000000
2356.306712,-43.000000
2357.590708,-15.000000
2358.874259,-65.000000
2360.157365,21.000000
2361.440028,18.000000
2362.722246,93.000000
2364.004021,-17.000000
2365.285352,-17.000000
2366.566240,37.000000
2367.846686,12.000000
2369.126688,-8.000000
2370.406248,37.000000
2371.685366,29.000000
2372.964041,-22.000000
2374.242275,-21.000000
2375.520068,32.000000
2376.797420,58.000000
2378.074330,64.000000
2379.350800,22.000000
2380.626829,-14.000000
2381.902418,-86.000000
2383.177568,33.000000
2384.452277,-13.000000
2385.726547,81.000000
2387.000378,-46.000000
2388.273770,46.000000
2389.546724,-5.000000
2390.819238,5.000000
2392.091315,-21.000000
2393.362954,32.000000
2394.634155,8.000000
2395.904918,5.000000
2397.175245,-24.000000
2398.445134,-33.000000
2399.714587,-58.000000
2400.983603,-34.000000
2402.252184,-15.000000
2403.520328,20.000000
2404.788036,60.000000
2406.055309,-22.000000
2407.322147,70.000000
2408.588550,39.000000
2409.854518,-48.000000
2411.120052,-18.000000
2412.385151,5.000000
2413.649816,-44.000000
2414.914048,20.000000
2416.177846,45.000000
2417.441212,38.000000
2418.704144,-26.000000
2419.966643,47.000000
2421.228710,18.000000
2422.490344,-7.000000
2423.751547,1.000000
2425.012317,-37.000000
2426.272657,84.000000
2427.532565,-75.000000
2428.792042,77.000000
2430.051088,13.000000
2431.309703,8.000000
2432.567889,-51.000000
2433.825644,-32.000000
2435.082969,-56.000000
2436.339865,-48.000000
2437.596332,-33.000000
2438.852369,40.000000
2440.107978,-7.000000
2441.363158,-70.000000
2442.617910,70.000000
2443.872233,-28.000000
2445.126129,-20.000000
2446.379597,-73.000000
2447.632638,6.000000
2448.885252,50.000000
2450.137438,73.000000
2451.389198,-2.000000
2452.640532,70.000000
2453.891439,41.000000
2455.141921,77.000000
2456.391977,-30.000000
2457.641607,-4.000000
2458.890812,-77.000000
2460.139593,23.000000
2461.387948,2.000000
2462.635879,2.000000
2463.883386,4.000000
2465.130468,21.000000
2466.377127,36.000000
2467.623363,-25.000000
2468.869175,23.000000
2470.114564,-3.000000
2471.359530,60.000000
2472.604074,-18.000000
2473.848195,39.000000
2475.091894,10.000000
2476.335172,46.000000
2477.578027,-2.000000
2478.820462,-21.000000
2480.062475,-68.000000
2481.304067,-82.000000
2482.545239,-4.000000
2483.785990,37.000000
2485.026321,124.000000
2486.266232,0.000000
2487.505723,-48.000000
2488.744795,-47.000000
2489.983448,26.000000
2491.221681,40.000000
2492.459496,-1.000000
2493.696892,-55.000000
2494.933870,22.000000
2496.170430,-21.000000
2497.406572,-18.000000
2498.642296,-61.000000
2499.877603,69.000000
2501.112493,-66.000000
2502.346966,42.000000
2503.581022,-23.000000
2504.814662,3.000000
2506.047886,36.000000
2507.280693,-84.000000
2508.513085,-46.000000
2509.745062,18.000000
2510.976623,-72.000000
2512.207769,51.000000
2513.438501,-5.000000
2514.668818,-22.000000
2515.898720,23.000000
2517.128208,-10.000000
2518.357283,-73.000000
2519.585944,-10.000000
2520.814191,-5.000000
2522.042026,27.000000
2523.269447,26.000000
2524.496456,-51.000000
2525.723052,4.000000
2526.949236,20.000000
2528.175008,6.000000
2529.400368,26.000000
2530.625317,3.000000
2531.849854,21.000000
2533.073981,-2.000000
2534.297696,-41.000000
2535.521001,-1.000000
2536.743895,-8.000000
2537.966379,-20.000000
2539.188454,25.000000
2540.410118,-11.000000
2541.631373,53.000000
2542.852219,2.000000
2544.072656,-7.000000
2545.292684,5.000000
2546.512304,11.000000
2547.731515,-70.000000
2548.950318,24.000000
2550.168713,38.000000
2551.386701,11.000000
2552.604281,-5.000000
2553.821454,-17.000000
2555.038220,-13.000000
2556.254579,-10.000000
2557.470532,6.000000
2558.686078,32.000000
2559.901219,24.000000
2561.115953,41.000000
2562.330282,-66.000000
2563.544206,30.000000
2564.757725,7.000000
2565.970838,76.000000
2567.183547,11.000000
2568.395852,67.000000
2569.607752,-41.000000
2570.819248,5.000000
2572.030340,24.000000
2573.241029,35.000000
2574.451315,72.000000
2575.661197,10.000000
2576.870677,-7.000000
2578.079754,3.000000
2579.288428,40.000000
2580.496700,-56.000000
2581.704570,36.000000
2582.912039,-2.000000
2584.119106,4.000000
2585.325771,-36.000000
2586.532036,-46.000000
2587.737900,44.000000
2588.943363,58.000000
2590.148425,31.000000
2591.353088,-50.000000
2592.557350,-30.000000
2593.761213,-1.000000
2594.964676,-4.000000
2596.167740,78.000000
2597.370405,-6.000000
2598.572670,17.000000
2599.774538,53.000000
2600.976007,-12.000000
2602.177077,7.000000
2603.377750,-1.000000
2604.578025,-41.000000
2605.777902,24.000000
2606.977382,-8.000000
2608.176465,-14.000000
2609.375152,83.000000
2610.573441,5.000000
2611.771334,80.000000
2612.968831,-52.000000
2614.165932,49.000000
2615.362637,-68.000000
2616.558947,-25.000000
2617.754861,39.000000
2618.950380,-7.000000
2620.145504,-28.000000
2621.340234,-17.000000
2622.534569,-62.000000
2623.728510,6.000000
2624.922057,-97.000000
2626.115210,-16.000000
2627.307970,-6.000000
2628.500336,53.000000
2629.692309,5.000000
2630.883889,60.000000
2632.075077,-38.000000
2633.265872,86.000000
2634.456275,10.000000
2635.646285,16.000000
2636.835904,15.000000
2638.025132,118.000000
2639.213968,-76.000000
2640.402412,-10.000000
2641.590466,40.000000
2642.778129,-33.000000
2643.965402,70.000000
2645.152284,46.000000
2646.338776,3.000000
2647.524878,-111.000000
2648.710591,23.000000
2649.895914,-21.000000
2651.080848,-97.000000
2652.265393,-17.000000
2653.449549,69.000000
2654.633317,58.000000
2655.816696,-4.000000
2656.999687,-5.000000
2658.182290,55.000000
2659.364505,14.000000
2660.546333,-26.000000
2661.727774,-2.000000
2662.908827,-85.000000
2664.089494,19.000000
2665.269774,77.000000
2666.449667,-22.000000
2667.629175,13.000000
2668.808296,96.000000
2669.987032,-46.000000
2671.165382,-35.000000
2672.343346,-30.000000
2673.520926,-34.000000
2674.698120,33.000000
2675.874930,48.000000
2677.051355,-7.000000
2678.227396,-30.000000
2679.403053,43.000000
2680.578326,1.000000
2681.753216,-8.000000
2682.927722,19.000000
2684.101844,39.000000
2685.275584,-17.000000
2686.448941,-54.000000
2687.621915,97.000000
2688.794507,11.000000
2689.966716,47.000000
2691.138544,-137.000000
2692.309990,-93.000000
2693.481054,8.000000
2694.651737,16.000000
2695.822039,-44.000000
2696.991960,-10.000000
2698.161500,-18.000000
2699.330660,-20.000000
2700.499439,-43.000000
2701.667839,11.000000
2702.835858,-43.000000
2704.003498,3.000000
2705.170758,23.000000
2706.337639,89.000000
2707.504142,-3.000000
2708.670265,2.000000
2709.836009,-42.000000
2711.001376,16.000000
2712.166364,65.000000
2713.330974,-43.000000
2714.495206,-1.000000
2715.659061,37.000000
2716.822538,76.000000
2717.985638,88.000000
2719.148361,-43.000000
2720.310708,76.000000
2721.472678,52.000000
2722.634271,12.000000
2723.795489,16.000000
2724.956330,58.000000
2726.116796,-11.000000
2727.276886,65.000000
2728.436601,-78.000000
2729.595941,-17.000000
2730.754906,123.000000
2731.913497,12.000000
2733.071713,47.000000
2734.229554,31.000000
2735.387022,50.000000
2736.544115,63.000000
2737.700835,26.000000
2738.857182,-53.000000
2740.013155,46.000000
2741.168756,-48.000000
2742.323983,44.000000
2743.478838,30.000000
2744.633321,37.000000
2745.787431,-31.000000
2746.941169,-3.000000
2748.094535,48.000000
2749.247530,-78.000000
2750.400154,45.000000
2751.552406,-28.000000
2752.704287,-64.000000
2753.855797,6.000000
2755.006937,8.000000
2756.157707,-62.000000
2757.308106,-60.000000
2758.458135,-21.000000
2759.607795,-42.000000
2760.757085,43.000000
2761.906005,86.000000
2763.054557,34.000000
2764.202739,25.000000
2765.350553,118.000000
2766.497998,38.000000
2767.645074,6.000000
2768.791783,34.000000
2769.938124,36.000000
2771.084097,3.000000
2772.229702,15.000000
2773.374940,70.000000
2774.519811,26.000000
2775.664314,-9.000000
2776.808452,-49.000000
2777.952222,-20.000000
2779.095626,-59.000000
2780.238664,76.000000
2781.381337,17.000000
2782.523643,45.000000
2783.665584,36.000000
2784.807159,-35.000000
2785.948369,-13.000000
2787.089215,87.000000
2788.229695,-41.000000
2789.369812,-49.000000
2790.509563,7.000000
2791.648951,-2.000000
2792.787974,-54.000000
2793.926634,52.000000
2795.064931,-76.000000
2796.202864,64.000000
2797.340433,19.000000
2798.477640,54.000000
2799.614484,7.000000
2800.750966,-40.000000
2801.887085,24.000000
2803.022842,-29.000000
2804.158237,6.000000
2805.293270,-24.000000
2806.427942,74.000000
2807.562252,75.000000
2808.696201,-3.000000
2809.829789,73.000000
2810.963016,49.000000
2812.095883,-26.000000
2813.228389,48.000000
2814.360535,14.000000
2815.492322,-48.000000
2816.623748,65.000000
2817.754815,-38.000000
2818.885522,30.000000
2820.015870,-1.000000
2821.145859,-14.000000
2822.275489,-11.000000
2823.404761,18.000000
2824.533674,-36.000000
2825.662229,34.000000
2826.790426,40.000000
2827.918265,-46.000000
2829.045746,-61.000000
2830.172870,-111.000000
2831.299637,11.000000
2832.426046,37.000000
2833.552099,-3.000000
2834.677795,-72.000000
2835.803134,33.000000
2836.928117,-46.000000
2838.052745,-12.000000
2839.177016,-16.000000
2840.300931,33.000000
2841.424491,-8.000000
2842.547696,9.000000
2843.670545,7.000000
2844.793040,76.000000
2845.915180,41.000000
2847.036965,-34.000000
2848.158396,49.000000
2849.279472,48.000000
2850.400195,-22.000000
2851.520564,-34.000000
2852.640579,20.000000
2853.760241,48.000000
2854.879550,-14.000000
2855.998506,35.000000
2857.117108,58.000000
2858.235359,2.000000
2859.353256,28.000000
2860.470802,-38.000000
2861.587995,8.000000
2862.704837,-12.000000
2863.821327,-5.000000
2864.937465,-48.000000
2866.053252,43.000000
2867.168688,-41.000000
2868.283774,69.000000
2869.398508,28.000000
2870.512892,-30.000000
2871.626925,-27.000000
2872.740608,49.000000
2873.853942,31.000000
2874.966925,-45.000000
2876.079559,24.000000
2877.191844,-15.000000
2878.303779,-15.000000
2879.415366,6.000000
2880.526603,86.000000
2881.637492,25.000000
2882.748032,77.000000
2883.858224,-6.000000
2884.968069,92.000000
2886.077565,97.000000
2887.186713,-16.000000
2888.295514,35.000000
2889.403968,24.000000
2890.512074,73.000000
2891.619834,12.000000
2892.727246,44.000000
2893.834313,5.000000
2894.941032,6.000000
2896.047406,15.000000
2897.153434,54.000000
2898.259115,46.000000
2899.364451,81.000000
2900.469442,-61.000000
2901.574088,-34.000000
2902.678388,76.000000
2903.782343,-54.000000
2904.885954,4.000000
2905.989220,78.000000
2907.092142,-45.000000
2908.194720,-40.000000
2909.296954,-6.000000
2910.398844,37.000000
2911.500390,31.000000
2912.601593,-12.000000
2913.702453,11.000000
2914.802969,22.000000
2915.903143,30.000000
2917.002974,58.000000
2918.102463,-1.000000
2919.201610,-44.000000
2920.300414,17.000000
2921.398876,59.000000
2922.496997,-7.000000
2923.594776,55.000000
2924.692214,60.000000
2925.789310,2.000000
2926.886066,88.000000
2927.982481,55.000000
2929.078555,-5.000000
2930.174288,-98.000000
2931.269682,10.000000
2932.364735,-40.000000
2933.459448,37.000000
2934.553822,78.000000
2935.647856,-7.000000
2936.741551,-28.000000
2937.834906,22.000000
2938.927923,-48.000000
2940.020601,-21.000000
2941.112940,33.000000
2942.204940,-18.000000
2943.296603,85.000000
2944.387927,2.000000
2945.478914,-31.000000
2946.569562,99.000000
2947.659874,108.000000
2948.749847,-21.000000
2949.839484,-14.000000
2950.928784,54.000000
2952.017747,-90.000000
2953.106373,41.000000
2954.194663,9.000000
2955.282616,-44.000000
2956.370234,41.000000
2957.457515,21.000000
2958.544461,60.000000
2959.631071,35.000000
2960.717346,87.000000
2961.803286,-68.000000
2962.888891,6.000000
2963.974161,12.000000
2965.059096,-5.000000
2966.143697,30.000000
2967.227963,-3.000000
2968.311896,50.000000
2969.395494,-4.000000
2970.478759,30.000000
2971.561690,-9.000000
2972.644288,74.000000
2973.726553,1.000000
2974.808484,56.000000
2975.890083,66.000000
2976.971349,61.000000
2978.052282,8.000000
2979.132884,-70.000000
2980.213153,9.000000
2981.293090,15.000000
2982.372695,38.000000
2983.451969,34.000000
2984.530911,32.000000
2985.609522,39.000000
2986.687802,33.000000
2987.765751,28.000000
2988.843370,-40.000000
2989.920658,23.000000
2990.997615,54.000000
2992.074243,6.000000
2993.150540,29.000000
2994.226507,4.000000
2995.302145,2.000000
2996.377453,4.000000
2997.452432,72.000000
2998.527082,63.000000
2999.601403,67.000000
3000.675396,-49.000000
3001.749059,32.000000
3002.822394,-20.000000
3003.895401,0.000000
3004.968080,35.000000
3006.040431,-11.000000
3007.112454,14.000000
3008.184150,32.000000
3009.255518,70.000000
3010.326559,2.000000
3011.397273,-23.000000
3012.467661,-38.000000
3013.537721,37.000000
3014.607455,-41.000000
3015.676863,-73.000000
3016.745945,54.000000
3017.814700,77.000000
3018.883130,-43.000000
3019.951235,25.000000
3021.019013,22.000000
3022.086467,22.000000
3023.153595,22.000000
3024.220399,38.000000
3025.286877,-19.000000
3026.353032,-105.000000
3027.418861,12.000000
3028.484367,-83.000000
3029.549548,-15.000000
3030.614406,7.000000
3031.678940,-5.000000
3032.743150,-7.000000
3033.807037,24.000000
3034.870601,59.000000
3035.933841,49.000000
3036.996759,7.000000
3038.059354,-14.000000
3039.121627,31.000000
3040.183577,51.000000
3041.245205,29.000000
3042.306512,-19.000000
3043.367496,-43.000000
3044.428159,37.000000
3045.488500,64.000000
3046.548520,-57.000000
3047.608218,-19.000000
3048.667596,58.000000
3049.726653,91.000000
3050.785390,1.000000
3051.843805,60.000000
3052.901901,-8.000000
3053.959677,18.000000
3055.017132,-19.000000
3056.074268,-16.000000
3057.131084,-38.000000
3058.187581,-7.000000
3059.243758,88.000000
3060.299617,20.000000
3061.355156,50.000000
3062.410377,60.000000
3063.465279,-52.000000
3064.519863,49.000000
3065.574128,41.000000
3066.628076,-49.000000
3067.681705,5.000000
3068.735017,-53.000000
3069.788011,28.000000
3070.840688,-19.000000
3071.893048,-29.000000
3072.945090,15.000000
3073.996816,19.000000
3075.048225,49.000000
3076.099317,11.000000
3077.150093,-52.000000
3078.200553,26.000000
3079.250697,22.000000
3080.300524,-1.000000
3081.350037,-79.000000
3082.399233,-40.000000
3083.448114,6.000000
3084.496680,-56.000000
3085.544931,-17.000000
3086.592867,-49.000000
3087.640488,50.000000
3088.687795,-33.000000
3089.734788,69.000000
3090.781466,-60.000000
3091.827830,58.000000
3092.873880,-39.000000
3093.919617,35.000000
3094.965040,22.000000
3096.010149,65.000000
3097.054946,-19.000000
3098.099429,38.000000
3099.143600,36.000000
3100.187457,1.000000
3101.231003,31.000000
3102.274235,-11.000000
3103.317156,50.000000
3104.359765,-5.000000
3105.402061,50.000000
3106.444046,12.000000
3107.485720,-18.000000
3108.527082,108.000000
3109.568132,-21.000000
3110.608872,113.000000
3111.649301,-71.000000
3112.689419,25.000000
3113.729227,61.000000
3114.768724,3.000000
3115.807911,36.000000
3116.846787,-19.000000
3117.885354,-61.000000
3118.923611,-18.000000
3119.961559,38.000000
3120.999197,-46.000000
3122.036526,5.000000
3123.073546,-32.000000
3124.110257,-36.000000
3125.146659,-24.000000
3126.182752,36.000000
3127.218537,-33.000000
3128.254014,1.000000
3129.289183,28.000000
3130.324044,24.000000
3131.358596,-118.000000
3132.392842,-22.000000
3133.426780,21.000000
3134.460410,4.000000
3135.493734,49.000000
3136.526750,51.000000
3137.559460,-13.000000
3138.591863,27.000000
3139.623959,-53.000000
3140.655749,-26.000000
3141.687233,-57.000000
3142.718411,-26.000000
3143.749283,-23.000000
3144.779850,-1.000000
3145.810111,-124.000000
3146.840066,18.000000
3147.869717,-43.000000
3148.899062,-65.000000
3149.928103,47.000000
3150.956838,26.000000
3151.985270,34.000000
3153.013397,-73.000000
3154.041219,-4.000000
3155.068738,56.000000
3156.095952,21.000000
3157.122863,2.000000
3158.149470,-105.000000
3159.175774,-8.000000
3160.201775,7.000000
3161.227472,55.000000
3162.252867,-62.000000
3163.277958,-25.000000
3164.302748,15.000000
3165.327234,-18.000000
3166.351418,-5.000000
3167.375301,-14.000000
3168.398881,7.000000
3169.422159,77.000000
3170.445136,-40.000000
3171.467811,-6.000000
3172.490185,52.000000
3173.512257,27.000000
3174.534029,-51.000000
3175.555499,12.000000
3176.576669,31.000000
3177.597539,5.000000
3178.618108,27.000000
3179.638376,-12.000000
3180.658345,-9.000000
3181.678014,-36.000000
3182.697382,-53.000000
3183.716452,2.000000
3184.735221,31.000000
3185.753692,-63.000000
3186.771863,4.000000
3187.789736,28.000000
3188.807309,30.000000
3189.824584,-13.000000
3190.841560,-85.000000
3191.858238,-7.000000
3192.874618,-9.000000
3193.890700,-12.000000
3194.906484,-30.000000
3195.921970,21.000000
3196.937158,2.000000
3197.952049,-39.000000
3198.966643,-13.000000
3199.980940,13.000000
3200.994940,32.000000
3202.008643,-80.000000
3203.022049,14.000000
3204.035159,-53.000000
3205.047972,-54.000000
3206.060490,-4.000000
3207.072711,39.000000
3208.084637,-49.000000
3209.096266,13.000000
3210.107600,-22.000000
3211.118639,-20.000000
3212.129383,-56.000000
3213.139831,-43.000000
3214.149985,-73.000000
